Total distance: inf
Total time: inf
Feasible: False

Route:
0 (0.0, 0.0)
63 (10.0, 24.0)
86 (17.0, 2.0)
48 (37.0, 14.0)
1 (40.0, 7.0)
4 (37.0, 27.0)
91 (27.0, 8.0)
28 (5.0, 48.0)
69 (3.0, 32.0)
40 (36.0, 5.0)
85 (16.0, 3.0)
10 (5.0, 24.0)
32 (43.0, 46.0)
51 (13.0, 34.0)
27 (23.0, 14.0)
2 (15.0, 14.0)
25 (9.0, 16.0)
87 (40.0, 16.0)
17 (40.0, 23.0)
61 (48.0, 15.0)
19 (38.0, 40.0)
35 (32.0, 48.0)
9 (17.0, 9.0)
99 (2.0, 30.0)
50 (4.0, 32.0)
39 (23.0, 19.0)
71 (7.0, 36.0)
18 (13.0, 42.0)
58 (27.0, 11.0)
66 (9.0, 12.0)
47 (14.0, 4.0)
56 (25.0, 46.0)
33 (49.0, 41.0)
16 (14.0, 6.0)
20 (10.0, 29.0)
30 (38.0, 4.0)
74 (15.0, 16.0)
45 (45.0, 19.0)
22 (2.0, 20.0)
72 (39.0, 5.0)
88 (35.0, 45.0)
26 (47.0, 37.0)
79 (18.0, 10.0)
46 (28.0, 33.0)
34 (27.0, 10.0)
64 (50.0, 50.0)
54 (27.0, 26.0)
52 (15.0, 50.0)
38 (38.0, 20.0)
24 (13.0, 41.0)
5 (13.0, 14.0)
77 (34.0, 13.0)
80 (39.0, 41.0)
41 (4.0, 48.0)
57 (12.0, 12.0)
60 (3.0, 41.0)
67 (37.0, 47.0)
76 (29.0, 39.0)
68 (3.0, 3.0)
7 (14.0, 28.0)
83 (17.0, 18.0)
84 (13.0, 43.0)
55 (43.0, 41.0)
53 (6.0, 6.0)
93 (43.0, 15.0)
73 (16.0, 13.0)
70 (38.0, 4.0)
8 (48.0, 10.0)
98 (10.0, 50.0)
14 (36.0, 12.0)
6 (35.0, 12.0)
96 (1.0, 11.0)
82 (7.0, 6.0)
44 (13.0, 34.0)
37 (9.0, 23.0)
15 (42.0, 14.0)
65 (44.0, 46.0)
29 (40.0, 10.0)
11 (38.0, 16.0)
59 (4.0, 28.0)
97 (42.0, 47.0)
100 (22.0, 19.0)
13 (35.0, 18.0)
90 (34.0, 2.0)
36 (40.0, 19.0)
21 (43.0, 20.0)
62 (30.0, 13.0)
43 (16.0, 33.0)
23 (13.0, 36.0)
78 (22.0, 4.0)
94 (49.0, 35.0)
3 (43.0, 47.0)
92 (50.0, 2.0)
49 (14.0, 4.0)
75 (29.0, 20.0)
81 (42.0, 6.0)
89 (7.0, 4.0)
42 (42.0, 30.0)
31 (33.0, 16.0)
12 (34.0, 7.0)
95 (15.0, 10.0)
0 (0.0, 0.0)

Charging operations:
